	Module	Ac-0h-1	Ac-0h-2	Ac-0h-3	Ac-12h-1	Ac-12h-2	Ac-12h-3	Ac-5d-1	Ac-5d-2	Ac-5d-3	Ac-FR-14-1-hypocotyl	Ac-FR-14-2-hypocotyl	Ac-FR-14-3-hypocotyl	Ac-FR-14-1-1st-leaf	Ac-FR-14-2-1st-leaf	Ac-FR-14-3-1st-leaf	Ac-FR-14-1-1st-petiole	Ac-FR-14-2-1st-petiole	Ac-FR-14-3-1st-petiole	Ac-H-14-1-hypocotyl	Ac-H-14-2-hypocotyl	Ac-H-14-3-hypocotyl	Ac-H-14-1-1st-leaf	Ac-H-14-2-1st-leaf	Ac-H-14-3-1st-leaf	Ac-H-14-1-1st-petiole	Ac-H-14-2-1st-petiole	Ac-H-14-3-1st-petiole	Ac-L-14-1-hypocotyl	Ac-L-14-2-hypocotyl	Ac-L-14-3-hypocotyl	Ac-L-14-1-1st-leaf	Ac-L-14-2-1st-leaf	Ac-L-14-3-1st-leaf	Ac-L-14-1-1st-petiole	Ac-L-14-2-1st-petiole	Ac-L-14-3-1st-petiole	Ac-W-14-1-hypocotyl	Ac-W-14-2-hypocotyl	Ac-W-14-3-hypocotyl	Ac-W-14-1-1st-leaf	Ac-W-14-2-1st-leaf	Ac-W-14-3-1st-leaf	Ac-W-14-1-1st-petiole	Ac-W-14-2-1st-petiole	Ac-W-14-3-1st-petiole
PSBS_NPQ4_Nu1	M2_NPQ_PSBS	393.534424	244.429092	342.606262	868.756409	946.43811	640.244446	633.843994	1388.078491	779.685486	24.327087	10.001438	125.404297	299.952179	246.67157	848.11499	53.582027	63.144047	377.413757	14.187507	13.550079	1.034387	911.94458	542.450134	458.371155	266.041412	134.224289	70.195419	5.930577	8.878189	37.109882	274.326538	172.318314	510.886841	27.997677	40.785385	181.423935	14.544206	22.330301	3.946538	585.601501	293.395447	504.837738	300.187469	131.114334	130.544144
PSBS_NPQ4_Nu2	M2_NPQ_PSBS	336.145233	163.225357	319.722931	532.216675	479.068329	452.121796	741.15564	842.167114	585.437988	3.401191	0.852222	6.650707	270.895325	124.708153	343.988678	50.442505	34.819321	98.457535	25.53722	12.910648	0	552.541199	238.04921	67.718948	275.129669	138.041077	53.499691	0.308507	1.323404	7.354026	283.904572	196.955002	450.399139	28.485727	66.033127	143.708786	9.408962	18.237679	0.766232	511.292786	256.340942	480.336792	209.561661	99.066185	79.238884
PSBS_NPQ4_Nu3	M2_NPQ_PSBS	278.503815	174.299698	338.783875	471.030762	485.465607	418.803101	535.381165	572.935364	519.514282	19.346647	5.369747	24.772989	218.391525	135.445419	350.959076	48.452553	39.925518	119.540176	24.507139	16.258263	0	337.245087	214.139984	58.409168	143.578522	99.740242	15.338037	7.537936	6.006648	26.728559	249.551865	199.586639	467.392944	42.722324	57.640297	162.762634	15.451961	34.930344	2.733366	451.616699	285.750885	440.851776	182.955917	148.841614	97.008583
PSBS_NPQ4_Nu4	M2_NPQ_PSBS	243.495819	160.3564	192.189682	471.248505	586.211731	409.091827	419.772919	788.726501	511.579712	4.325696	2.212977	45.383675	209.634811	81.791695	632.977051	21.639635	21.595064	181.026291	6.500487	2.840261	0	295.812531	199.789322	120.42717	109.975822	60.070786	29.257483	1.744451	4.138974	11.019566	166.153946	103.392349	256.080627	10.822412	20.414865	68.802101	3.282229	4.732635	0.584834	282.698059	134.883789	244.343597	98.7631	51.087784	48.428741
LHB1B1_Nu1	M1_PSII_LHCII	41.199162	64.567108	674.124023	327.533539	27.772419	28.166439	450.42981	195.249863	33.366318	189.435638	175.265808	257.932556	1152.13501	549.691406	135.624817	545.43219	164.883575	552.352539	120.418144	127.228516	0.324816	1124.421875	775.874512	30.316685	675.306946	817.452454	115.62513	228.520935	334.541321	158.827545	3211.962402	2937.73999	1086.035522	585.352722	1064.575195	725.556396	193.469299	245.37561	110.400635	807.475891	1055.784668	1693.150391	517.064392	737.854431	509.840088
LHB1B1_Nu2	M1_PSII_LHCII	30.542793	45.469799	667.145325	321.176117	23.789841	38.405964	473.345642	150.487823	10.781082	58.029522	55.666775	94.599571	670.513733	282.604523	134.463058	260.088104	89.662201	147.911301	105.537033	119.279915	0.276579	573.492126	313.656219	43.475998	420.549622	424.599884	39.407722	58.473602	72.964012	54.983517	2094.534912	2553.956787	1083.388306	307.75528	662.714722	349.042389	64.317596	96.658485	40.691853	857.19458	916.988708	1588.560547	262.65271	431.115875	281.323364
LHCB1.1_Nu1	M1_PSII_LHCII	0.149228	0.137	0.451178	0	0	0	0.217397	0	0	0	0.089838	0.109525	0.901939	0	2.364297	2.315107	0.091239	2.929342	0.239418	0.209194	0	5.725666	1.710037	0	2.625176	4.109709	0	0.224018	0.110412	0.210061	7.159292	5.764549	18.080559	2.304039	2.037921	5.35443	0.049539	0	0.152045	18.364115	17.028215	35.153374	4.939351	7.788253	1.905878
LHCB1.3_Nu1	M1_PSII_LHCII	837.896606	1112.337524	4578.145508	3658.847168	810.914795	1188.15564	3838.021729	3088.133545	655.512329	607.524902	451.039429	924.551453	5816.355957	3956.074463	3591.5896	2570.699463	1441.33606	2583.303955	674.273499	607.047546	1.396781	4722.901855	3239.617676	515.015564	2228.375	2331.116699	406.920135	661.615784	801.957886	781.258423	8602.817383	8869.954102	6362.396973	2275.762451	3371.78125	2732.646729	611.115479	927.547852	388.430389	4117.614258	5396.335449	6146.562988	2405.756104	3244.905029	2833.834961
LHCB1.3_Nu2	M1_PSII_LHCII	3.56374	2.981276	24.097658	7.400295	0.882224	1.562409	15.879694	9.375662	1.917843	1.227999	0.341617	2.727012	62.501282	19.737293	48.042324	66.4189	15.09939	65.34903	1.712879	0.451202	0.036557	128.397339	86.765823	4.47234	151.669205	133.619827	15.737037	4.297378	6.215324	1.557226	445.344757	530.631836	166.070251	89.478424	226.632523	95.723503	4.370252	2.708069	1.960435	232.751663	315.56485	483.69931	96.994316	167.103241	80.888412
LHCB2.1_Nu1	M1_PSII_LHCII	278.049469	281.859894	1616.804443	1042.078735	214.468948	174.060043	731.444946	576.220276	161.588333	376.448822	335.258331	561.694824	3130.619873	1438.507446	1114.403442	1646.832031	775.446716	1824.396729	287.28241	251.803024	10.665434	2817.084473	2061.364502	233.528427	1514.706543	1709.19812	278.901337	475.136383	599.166443	280.21402	6810.870117	5768.915039	2077.369141	1349.290405	1734.114746	1311.307617	199.420761	313.717712	162.319641	2232.416748	3007.447021	3888.41333	1160.269775	1335.34668	1262.948486
LHCB2.1_Nu2	M1_PSII_LHCII	26.588634	19.792591	91.374092	82.610718	31.13269	22.094101	46.966438	58.910255	18.879242	6.769387	5.154426	10.071567	338.619843	109.176292	189.529007	205.846817	53.734356	333.753235	5.555855	7.827115	0.117981	245.442505	165.86026	6.194091	387.967773	377.987274	7.516833	4.799419	9.993011	11.807112	1066.3302	945.344421	502.856964	177.219467	328.796173	359.256897	8.368153	11.770766	5.682154	477.801422	618.091248	1048.454346	284.041046	414.413879	322.378845
LHCB3_Nu1	M1_PSII_LHCII	98.470154	113.375511	332.160156	221.866119	91.183746	96.031158	229.870605	175.412201	78.668037	91.737358	57.671333	174.249023	647.166992	350.886475	506.88089	345.624023	178.056671	529.205444	57.944893	53.421261	0.901532	952.339294	460.469818	89.064316	397.499176	361.780212	36.999168	83.756454	83.568481	134.623566	1068.810547	914.795044	714.295471	255.750092	344.566376	411.966827	78.15052	98.406052	59.700115	686.869751	848.424561	1040.719238	353.365265	465.930847	348.478058
LHCB3_Nu2	M1_PSII_LHCII	9.694169	10.333157	83.050949	10.140056	7.067366	6.666258	29.952551	12.435317	7.958132	30.662441	18.692833	131.090057	181.273575	47.366756	258.433533	146.687317	36.295525	317.911804	33.949493	37.12616	0.200096	273.095276	147.83223	2.758715	210.016785	192.191193	1.953142	36.466198	41.408718	102.637154	827.836853	741.164856	815.67749	144.427399	274.177399	314.716278	70.170357	106.153069	45.517815	666.167908	879.473145	1218.108398	322.21994	432.288147	325.220337
LHCB4.2_Nu1	M1_PSII_LHCII	463.363403	393.351746	972.867859	839.478088	344.069672	343.434113	703.550903	759.180176	473.012512	208.99614	187.084625	217.123627	1423.453003	918.298035	473.792023	625.257874	287.800232	547.419739	192.277832	175.659317	12.069009	1520.08667	1101.580444	233.542572	766.252869	888.755127	118.957008	185.177231	236.759903	164.469849	2568.510498	2171.00293	1007.421448	560.288147	943.090393	534.531494	169.811478	181.543015	118.386421	1182.490479	1301.4646	2137.479492	457.289978	769.180786	544.634216
LHCB4.2_Nu2	M1_PSII_LHCII	385.359985	394.982605	925.158264	863.903442	320.450562	306.034515	641.729004	738.56012	500.546631	236.405243	222.019028	259.952606	1354.675049	814.182129	471.563782	639.521423	284.638733	633.962891	202.945053	191.749176	20.482101	1200.654785	986.917664	151.898315	691.626465	860.639465	113.981636	229.377457	306.713257	182.287811	2492.376709	2429.733154	866.385498	506.249207	920.267944	526.268005	179.73494	197.928802	118.888412	966.686279	1343.281982	1793.645752	426.217621	764.253723	500.43808
LHCB5_Nu1	M1_PSII_LHCII	238.500778	290.222626	477.500549	949.338501	355.430664	336.731384	673.858154	682.413879	360.395447	133.998291	128.40004	188.139877	1079.9646	513.549011	494.955566	417.725189	223.245468	570.814209	126.107559	116.94632	14.044145	788.539917	674.177124	135.245804	603.772156	628.640198	87.042976	151.717117	200.261749	161.314896	2170.702881	1986.18457	1178.319458	400.47171	648.4646	634.994385	143.956711	196.414673	110.670692	1125.734497	1754.400757	1984.562866	535.753906	886.790771	607.972168
LHCB5_Nu2	M1_PSII_LHCII	265.259735	283.208374	459.953003	815.776978	272.43988	299.501038	510.704742	514.080872	258.520508	122.314476	117.84565	194.115143	869.02887	488.3992	555.257935	407.794403	204.163177	510.818573	114.518646	101.832397	5.465715	954.493042	626.436768	103.68956	564.987244	565.784973	66.091393	141.332321	224.548538	157.572296	1994.866577	1882.576294	1143.993286	346.443542	580.889343	492.110504	132.16571	176.365387	99.967735	1113.276855	1611.033081	1910.649414	463.355042	724.062561	501.52066
LHCB5_Nu3	M1_PSII_LHCII	319.076569	344.033844	576.825439	724.312805	264.900299	360.264557	594.939026	557.634033	303.319855	129.356689	107.441132	209.945206	819.919189	454.825134	525.114624	357.073425	191.864166	489.047394	124.010101	108.478447	9.366705	804.375732	556.007935	97.925293	525.629211	489.142059	72.786011	147.887436	209.93103	165.046722	1841.146362	1694.80249	1135.255249	329.276031	556.54657	470.261444	148.894897	205.152344	116.153938	1049.978882	1563.822998	1878.051147	469.131866	740.854553	518.33783
LHCB5_Nu4	M1_PSII_LHCII	289.134003	248.188766	464.644592	560.288086	215.066284	248.636642	511.226654	496.305908	290.491577	125.702431	105.856201	151.931137	659.813965	365.483643	428.237976	327.245087	186.4039	489.810608	110.660576	110.924095	15.867266	666.284607	512.6474	141.814194	523.909912	490.470856	94.143051	134.828461	189.386627	151.011124	1358.234497	1148.002319	931.195984	340.735565	520.228149	524.864319	140.22525	170.995071	105.500305	930.85437	1195.711548	1642.833008	493.233459	715.932373	501.642975
LHCB6_Nu1	M1_PSII_LHCII	89.100853	63.497692	279.14386	250.040359	83.846054	87.195282	236.285767	202.306931	92.479218	65.908821	58.924278	216.864273	602.165466	272.376343	747.403992	263.827423	112.918137	563.2854	63.291595	57.692593	0.374245	918.179932	449.774414	49.591785	449.013855	361.083527	14.561133	69.482315	70.562088	119.03743	982.28418	854.95343	1093.516968	218.253189	305.931335	502.157898	82.991631	108.702148	64.287552	949.201965	1048.926025	1441.401245	397.500946	504.934509	360.213409
LHCB6_Nu2	M1_PSII_LHCII	17.266525	16.690098	127.44561	58.882092	12.506955	13.266127	88.485054	67.118546	24.673248	31.820726	28.217497	102.161728	249.581924	87.005379	161.819672	180.842026	57.38924	294.476532	36.192284	35.105976	0.687616	415.775391	234.359039	30.602211	296.065735	309.832733	10.777566	36.688171	40.566601	63.719223	611.588867	503.027313	389.177399	155.753922	219.191544	297.221863	43.119274	60.69968	27.572481	342.073669	498.046936	810.873596	238.040024	348.948944	251.630936
LHCB6_Nu3	M1_PSII_LHCII	22.753988	22.143621	104.777321	52.361862	17.702795	18.183527	85.909088	61.346462	25.798199	24.322327	23.375881	91.008171	159.53717	60.182583	126.069366	120.818336	40.256489	187.13797	32.820599	31.104748	0.471632	298.955231	183.566177	26.450069	215.472336	203.424362	9.854026	32.081436	31.546509	57.425365	438.936371	340.028442	287.332611	95.946442	136.890076	196.935532	36.18718	44.992512	25.207373	239.55159	338.440796	596.527954	152.476471	231.195663	161.516235
LHCB7_Nu1	M1_PSII_LHCII	56.451405	42.141018	47.566174	67.971291	59.749268	58.043106	75.851112	105.957832	71.373474	5.790922	7.020607	9.114497	42.768524	37.16074	36.369488	14.905769	12.464339	17.565979	8.293654	7.494294	1.185173	47.478745	37.106319	8.908057	26.817963	21.992601	4.234267	7.25893	10.564857	11.045759	44.473358	41.193066	59.403137	11.988303	17.678102	23.167927	11.06786	9.464766	7.446198	61.350811	54.682922	73.740837	29.260351	29.865795	18.431162